print(gen_egal(50,7,Borda(50)))

en une heure
>>>>>>

[[  0.  241.5]
 [  6.  285. ]
 [ 12.  267. ]
 [ 18.  249. ]
 [ 25.  266. ]
 [ 32.  241.5]
 [ 40.  244. ]
 [ 50.  255. ]]
 

 ########
 Lang:
 [[  0.         278.53846154]
 [  6.         285.        ]
 [  6.         282.2       ]
 [  6.         278.53846154]
 [  7.         313.72727273]
 [  7.         302.07692308]
 [  7.         281.84210526]
 [ 11.         280.5       ]]

 
 
 print(gen_egal(30,7,Borda(30)))

 >>>>>>
 [[  0.   84. ]
 [  3.   87. ]
 [  7.  108. ]
 [ 11.  100. ]
 [ 15.   92. ]
 [ 19.   84. ]
 [ 24.   92.5]
 [ 30.   93. ]]

 
 
 
 
 
 
 Lang exhaustif: 200/30
 
 [[   0.         1167.97297297]
 [   6.         1185.        ]
 [   6.         1184.35384615]
 [   6.         1183.66666667]
 [   6.         1182.93442623]
 [   6.         1182.15254237]
 [   6.         1181.31578947]
 [   6.         1180.41818182]
 [   6.         1179.45283019]
 [   6.         1178.41176471]
 [   6.         1177.28571429]
 [   6.         1176.06382979]
 [   6.         1174.73333333]
 [   6.         1173.27906977]
 [   6.         1171.68292683]
 [   6.         1169.92307692]
 [   6.         1167.97297297]
 [   7.         1353.4       ]
 [   7.         1349.57142857]
 [   7.         1345.15384615]
 [   7.         1340.        ]
 [   7.         1333.90909091]
 [   7.         1326.6       ]
 [   7.         1317.66666667]
 [   7.         1306.5       ]
 [   7.         1292.14285714]
 [   7.         1273.        ]
 [   7.         1246.2       ]
 [   7.         1206.        ]
 [   8.         1263.42857143]
 [  12.         1206.        ]]

 malinx
 
 [[   0.         1167.97297297]
 [   6.         1185.        ]
 [   6.         1184.35384615]
 [   6.         1183.66666667]
 [   6.         1182.93442623]
 [   6.         1182.15254237]
 [   6.         1181.31578947]
 [   6.         1180.41818182]
 [   6.         1179.45283019]
 [   6.         1178.41176471]
 [   6.         1177.28571429]
 [   6.         1176.06382979]
 [   6.         1174.73333333]
 [   6.         1173.27906977]
 [   6.         1171.68292683]
 [   6.         1169.92307692]
 [   6.         1167.97297297]
 [   7.         1353.4       ]
 [   7.         1349.57142857]
 [   7.         1345.15384615]
 [   7.         1340.        ]
 [   7.         1333.90909091]
 [   7.         1326.6       ]
 [   7.         1317.66666667]
 [   7.         1306.5       ]
 [   7.         1292.14285714]
 [   7.         1273.        ]
 [   7.         1246.2       ]
 [   7.         1206.        ]
 [   8.         1263.42857143]
 [  12.         1206.        ]]
 
 
 
 
 Lexicographic m = 149, n = 5
 
 149 [[0.000e+00 1.264e+45]
 [4.000e+00 1.338e+45]
 [4.000e+00 1.307e+45]
 [4.000e+00 1.275e+45]
 [5.000e+00 1.279e+45]
 [1.320e+02 1.264e+45]] 1.3380447119118374e+45

